20
0 88 41 86 31 48 18 14 11 57 73 24 98 81 60 55 15 79 79 82 
60 0 0 17 95 46 18 5 55 17 19 30 3 53 7 2 79 33 56 52 
62 81 0 93 70 49 91 30 75 8 83 84 33 3 64 16 2 37 1 3 
12 2 19 0 6 50 83 83 40 67 29 72 15 10 69 44 64 23 77 25 
19 5 71 36 0 94 89 50 92 38 79 53 54 51 37 62 57 45 48 100 
73 87 2 52 2 0 28 57 40 53 45 96 11 74 87 59 79 3 69 76 
56 62 9 63 61 30 0 62 82 7 20 33 78 75 55 83 23 85 55 95 
70 46 92 68 15 38 67 0 22 100 26 59 73 65 58 24 76 16 17 52 
96 76 8 43 81 1 28 91 0 75 80 53 20 74 23 15 93 17 11 40 
96 40 68 16 44 65 95 36 97 0 44 57 91 91 89 2 93 39 96 31 
0 82 50 5 28 88 6 56 9 73 0 69 84 36 68 88 49 53 51 58 
83 7 95 93 10 83 66 66 61 62 66 0 54 68 95 46 11 83 89 2 
82 31 86 85 72 85 7 49 84 68 44 35 0 30 53 60 34 13 93 78 
44 3 44 97 41 79 30 44 81 35 8 64 54 0 76 51 57 61 51 94 
56 61 33 89 38 76 25 59 30 68 83 51 85 59 0 93 55 95 49 96 
31 2 41 71 38 46 54 98 71 22 76 46 29 85 95 0 29 21 37 58 
57 74 2 26 55 95 24 40 40 56 66 46 21 27 66 41 0 83 94 61 
36 56 28 64 76 82 68 31 46 49 5 36 13 68 39 44 48 0 18 100 
21 90 21 25 77 80 56 73 8 68 77 78 56 93 91 19 33 70 0 43 
65 100 77 54 10 97 64 65 100 39 29 8 72 49 85 99 68 18 95 0 
