20
0 20 78 18 87 100 50 33 79 46 27 23 9 56 60 22 100 61 14 47 
51 0 19 11 25 39 13 41 64 97 83 79 59 89 98 36 56 9 96 64 
100 15 0 0 72 11 75 6 2 90 93 31 74 62 41 42 17 89 10 52 
84 36 60 0 37 2 61 5 13 87 21 16 44 30 49 35 36 49 39 23 
71 42 49 7 0 5 55 14 82 31 67 84 47 34 28 64 78 33 30 76 
30 43 56 49 71 0 13 79 26 54 75 90 35 15 55 39 88 39 63 13 
89 45 66 45 37 80 0 60 74 14 76 67 76 34 47 4 70 10 13 62 
73 66 76 45 6 34 16 0 72 93 83 62 89 40 7 10 50 55 43 56 
47 77 60 99 2 62 87 80 0 39 25 73 84 76 3 40 35 53 10 89 
13 15 94 21 12 59 4 53 57 0 65 63 12 82 50 61 31 19 69 88 
16 31 12 99 62 39 8 97 74 38 0 15 69 14 76 91 47 23 62 73 
84 8 25 94 79 4 70 27 64 39 97 0 99 36 42 87 51 37 24 96 
57 16 94 51 51 37 69 11 62 80 64 48 0 0 47 14 27 60 4 90 
31 72 3 90 62 90 39 44 24 13 6 8 92 0 90 50 97 37 84 55 
70 77 10 47 21 0 66 85 6 79 82 91 61 86 0 19 30 93 26 34 
65 1 37 86 40 18 46 49 90 85 57 47 94 59 87 0 46 26 97 73 
44 9 18 27 35 83 62 58 3 78 92 86 69 90 35 56 0 82 77 100 
89 88 62 19 86 62 34 36 58 95 28 46 5 54 48 100 49 0 31 27 
39 70 73 75 90 72 2 9 42 42 76 90 63 27 10 12 44 99 0 94 
6 30 31 10 61 81 63 21 12 60 72 16 79 0 78 84 78 33 63 0 
