20
0 77 79 94 23 47 55 17 74 70 40 7 92 98 87 17 79 92 75 91 
22 0 80 27 86 9 85 84 56 99 34 65 33 13 59 62 71 43 12 9 
67 5 0 33 45 82 75 38 66 11 25 91 17 45 15 10 83 91 100 10 
100 26 32 0 86 71 25 68 42 65 90 42 40 25 13 38 36 21 40 25 
48 90 20 31 0 42 5 42 75 91 63 85 6 29 16 69 13 52 18 2 
98 10 36 22 45 0 66 14 80 23 80 97 10 83 29 6 11 21 70 22 
89 74 85 86 27 34 0 27 4 32 31 91 25 46 30 90 31 59 59 60 
42 8 94 87 87 48 70 0 80 62 1 39 84 1 76 2 50 84 15 1 
53 31 66 98 87 33 41 21 0 80 20 50 47 56 49 86 96 49 91 33 
80 97 50 7 99 79 12 53 5 0 41 34 32 56 30 50 35 7 16 3 
44 82 100 65 1 54 62 12 48 60 0 91 51 74 42 44 95 32 16 6 
59 3 24 77 60 72 77 19 5 35 2 0 4 38 21 54 34 12 0 46 
56 51 61 9 38 11 9 32 77 14 79 50 0 64 59 20 76 40 71 81 
23 58 24 64 68 63 83 73 42 86 23 54 86 0 96 66 100 84 53 10 
14 54 44 62 36 92 99 22 87 93 72 35 5 30 0 35 27 33 98 55 
83 88 71 65 19 70 37 32 90 23 44 50 3 40 40 0 71 11 26 90 
10 30 92 12 48 72 2 19 16 41 90 38 64 53 1 78 0 74 27 77 
22 28 86 40 72 3 95 66 76 28 42 97 56 69 73 74 52 0 90 42 
10 74 79 85 78 99 8 71 3 93 51 90 10 15 34 48 85 50 0 38 
20 34 49 37 14 33 94 91 81 43 32 41 33 33 96 66 19 41 20 0 
