20
0 55 59 94 98 74 90 6 72 57 7 31 74 32 96 5 93 94 12 75 
56 0 69 1 28 93 48 71 29 21 36 11 5 37 86 16 5 49 84 42 
47 97 0 46 96 97 3 37 91 86 71 35 98 92 94 0 54 11 70 22 
45 20 69 0 46 83 87 79 71 28 76 1 75 33 67 78 17 22 32 77 
46 93 54 72 0 2 23 7 53 17 50 95 96 65 79 52 18 94 91 11 
13 72 88 5 46 0 55 72 96 67 41 20 74 92 39 55 6 21 78 74 
21 26 85 21 81 58 0 4 30 60 11 91 34 35 87 56 3 22 76 2 
38 10 88 76 26 57 50 0 58 10 51 17 48 20 83 13 58 93 86 83 
81 15 15 65 41 20 32 94 0 90 51 7 80 75 59 95 7 28 94 62 
21 25 43 46 49 21 14 48 75 0 62 15 65 99 77 78 67 21 85 38 
99 45 67 27 23 47 18 84 41 71 0 27 92 23 93 14 57 95 90 88 
45 7 1 38 93 45 15 43 92 18 52 0 9 15 15 23 15 84 26 90 
11 26 49 16 26 27 44 86 23 13 37 56 0 69 65 71 48 65 9 53 
6 97 31 64 88 37 12 85 62 11 33 99 15 0 78 56 63 96 66 4 
63 51 10 61 89 97 95 12 83 60 51 57 98 59 0 48 14 9 11 86 
21 57 57 59 0 68 35 80 96 72 26 50 94 13 75 0 24 25 72 59 
7 35 49 36 79 7 52 13 59 11 81 67 5 4 23 72 0 31 77 96 
95 43 18 43 25 69 30 58 18 5 71 50 13 68 56 46 97 0 24 20 
59 94 75 11 12 75 80 27 21 96 38 37 73 23 91 84 70 79 0 75 
4 88 13 60 87 37 89 82 59 35 87 27 42 63 24 3 85 65 58 0 
