20
0 73 5 84 9 47 87 2 66 46 18 77 95 57 20 34 64 23 11 57 
6 0 74 79 85 100 12 91 83 71 1 31 30 43 60 37 35 36 31 29 
56 78 0 2 57 56 11 71 39 69 20 51 10 30 77 77 21 95 16 82 
93 19 49 0 42 5 71 17 11 19 92 46 87 55 7 63 46 21 90 68 
81 3 74 70 0 53 49 85 16 42 67 69 19 60 66 55 54 27 39 9 
15 67 54 78 99 0 0 18 67 35 83 22 57 28 46 28 57 75 60 36 
64 15 89 27 81 10 0 38 66 19 40 34 100 40 75 72 68 27 43 98 
74 77 23 58 28 60 49 0 63 68 39 100 92 100 53 56 36 31 98 51 
64 89 29 43 42 25 63 79 0 36 69 67 26 89 18 35 88 51 81 47 
38 69 54 7 20 51 28 16 28 0 56 67 77 67 64 27 51 13 97 26 
60 76 54 66 54 48 63 21 1 86 0 94 17 36 55 42 62 32 86 25 
93 78 17 69 83 16 12 99 39 64 47 0 9 57 42 11 53 28 14 22 
71 42 69 78 59 87 37 1 62 73 93 83 0 19 2 53 69 94 1 39 
63 72 42 30 38 9 59 89 98 21 64 57 12 0 67 9 65 19 11 11 
73 63 50 73 71 42 29 7 96 100 56 63 53 52 0 100 78 80 21 5 
83 92 97 39 43 40 55 85 20 10 27 58 28 28 47 0 24 73 11 100 
96 57 77 45 63 85 88 88 33 31 78 7 6 100 0 32 0 16 90 2 
40 64 33 22 34 53 34 49 47 46 46 45 74 42 69 68 50 0 61 81 
9 43 14 18 85 94 18 41 30 51 82 27 89 89 69 96 22 10 0 94 
6 10 45 1 98 97 72 12 19 81 19 50 1 15 1 8 17 18 40 0 
