20
0 13 82 7 22 99 8 90 81 85 85 95 27 32 45 31 29 51 43 75 
58 0 59 54 10 30 82 27 34 89 60 3 38 55 12 22 92 31 18 92 
87 79 0 10 72 74 66 73 89 69 4 14 56 5 74 98 73 25 2 36 
0 40 34 0 97 18 41 70 65 61 66 25 59 63 0 64 7 36 96 91 
68 55 27 59 0 17 22 54 50 68 89 1 29 4 80 72 66 77 25 90 
61 80 27 87 70 0 96 55 97 47 67 23 39 48 38 40 36 88 12 15 
37 84 99 86 22 74 0 43 70 71 81 81 46 14 90 36 97 26 4 71 
99 52 49 46 45 79 18 0 24 69 60 45 35 66 94 41 54 8 76 33 
96 61 11 2 97 87 73 57 0 93 71 98 2 36 7 26 65 81 5 84 
54 18 43 15 99 32 59 31 4 0 44 39 21 97 29 86 38 76 65 93 
53 29 29 93 79 19 9 29 2 27 0 81 80 40 79 66 37 78 89 30 
16 40 82 55 96 79 40 35 9 3 16 0 19 74 17 90 59 72 52 57 
75 23 57 16 93 3 85 55 13 49 59 17 0 92 0 83 27 54 99 50 
23 28 43 41 56 50 47 3 85 16 37 67 11 0 71 78 63 9 51 15 
89 75 70 26 26 93 27 10 96 46 71 6 15 47 0 63 1 59 12 49 
68 88 66 24 92 32 79 59 4 80 71 7 49 63 56 0 41 48 37 63 
92 26 27 0 92 28 93 30 48 57 77 99 1 49 49 4 0 27 1 59 
93 7 50 56 11 70 69 77 32 21 85 10 72 13 14 3 70 0 70 5 
70 90 61 78 6 64 88 0 97 50 26 85 1 32 100 60 62 66 0 4 
68 31 51 55 56 24 2 88 9 43 73 39 58 6 76 48 96 75 82 0 
