20
0 26 28 36 23 74 23 64 41 95 79 7 53 82 32 17 65 83 28 67 
77 0 79 6 97 100 86 70 47 36 13 44 80 0 86 88 90 79 68 83 
12 46 0 29 77 31 38 82 68 100 26 74 26 76 57 48 65 70 15 85 
29 6 24 0 5 34 91 76 16 61 37 40 50 67 15 81 76 33 20 83 
0 100 44 75 0 99 57 93 15 55 50 74 1 57 55 31 46 10 40 79 
37 43 82 84 16 0 20 89 24 22 46 47 82 49 32 64 60 32 96 51 
63 64 43 66 43 26 0 23 61 88 1 91 89 73 13 23 99 99 46 58 
40 93 80 32 73 52 57 0 9 4 40 29 34 10 38 2 3 68 98 5 
7 92 7 58 98 20 14 36 0 39 75 87 40 46 31 37 35 51 81 49 
60 60 61 53 9 46 64 5 27 0 35 37 51 6 72 75 67 74 74 50 
29 81 53 82 78 22 20 39 57 28 0 29 87 33 48 80 20 57 13 63 
76 25 75 39 54 36 46 94 91 70 74 0 7 67 28 82 63 41 29 72 
87 79 96 34 71 50 86 30 28 52 0 14 0 77 63 41 39 58 26 99 
55 54 7 65 42 53 90 44 92 1 46 61 99 0 34 1 18 48 92 24 
86 8 81 9 51 23 3 50 4 37 42 18 39 88 0 77 48 60 6 32 
53 67 17 79 34 46 7 27 38 37 63 40 39 63 14 0 62 14 84 30 
22 99 32 37 65 97 90 89 62 54 48 39 93 93 98 76 0 57 86 36 
94 5 25 91 92 25 82 95 27 31 22 55 25 27 0 86 29 0 13 100 
49 46 43 85 93 34 28 80 90 47 16 83 94 85 81 86 66 93 0 76 
5 42 52 34 36 55 47 82 5 2 51 35 93 13 30 88 94 40 36 0 
