20
0 65 64 25 72 54 70 44 3 40 29 53 3 75 22 60 5 74 44 83 
93 0 32 90 13 68 37 74 42 79 90 48 75 64 36 71 19 53 13 85 
44 26 0 35 84 82 10 53 3 29 54 42 68 37 47 73 32 78 25 96 
92 94 64 0 9 9 74 72 60 37 39 0 14 86 64 85 4 76 9 50 
21 38 42 19 0 30 66 42 51 58 88 41 78 34 4 43 30 62 87 75 
98 4 48 78 72 0 86 51 59 29 26 39 41 82 39 61 90 46 42 70 
19 45 44 8 55 88 0 61 15 95 9 3 0 24 11 98 91 8 54 54 
51 67 12 56 32 13 64 0 83 0 23 54 45 18 22 18 70 20 86 37 
75 41 44 88 35 69 56 92 0 71 23 32 21 13 3 32 14 6 32 34 
45 59 34 96 87 0 87 57 4 0 31 38 56 42 78 8 18 20 32 57 
11 69 67 86 9 31 98 66 79 30 0 72 70 26 27 72 45 12 51 64 
76 85 95 41 4 79 11 46 2 91 75 0 32 97 68 93 0 30 38 61 
70 46 4 13 64 37 3 21 55 75 100 14 0 12 0 93 87 48 2 24 
0 24 61 23 7 29 24 32 56 92 32 31 43 0 34 69 10 22 46 22 
0 86 9 66 48 78 87 34 56 71 28 22 94 85 0 30 6 52 22 29 
45 79 33 51 35 56 94 26 16 47 70 48 94 22 33 0 34 7 38 46 
57 27 43 12 99 60 85 88 1 98 11 2 29 58 88 73 0 16 69 13 
9 5 17 78 8 33 25 84 82 27 14 70 8 36 60 5 40 0 37 39 
2 79 42 75 80 33 78 41 26 99 75 7 78 33 16 91 41 97 0 88 
35 59 51 65 13 9 79 98 33 74 0 31 70 14 20 26 91 38 48 0 
