20
0 12 83 16 75 6 12 66 95 6 75 68 11 29 15 8 5 7 59 21 
69 0 48 16 41 81 20 28 13 71 84 6 84 65 96 96 31 34 90 56 
19 98 0 83 60 19 28 33 74 93 73 2 7 75 66 91 57 77 100 40 
68 65 55 0 64 46 13 62 69 25 15 76 8 67 57 1 6 33 5 84 
49 40 3 72 0 64 33 78 45 23 69 91 58 84 85 63 35 16 76 59 
4 58 55 33 47 0 19 12 24 94 1 52 70 96 33 26 17 34 2 1 
53 87 6 4 39 2 0 58 78 67 60 8 64 69 39 82 97 94 75 59 
44 37 64 58 56 29 34 0 80 95 37 68 83 14 99 19 75 37 80 48 
28 11 47 22 88 31 18 18 0 71 94 33 5 91 45 84 51 81 51 45 
72 6 31 13 65 56 100 82 94 0 11 32 5 68 46 33 25 53 36 63 
81 40 36 8 22 92 16 25 3 2 0 16 30 31 55 3 10 77 43 15 
86 78 59 20 25 89 18 20 94 33 7 0 21 4 81 34 64 90 10 31 
21 0 47 74 45 15 27 34 69 81 19 48 0 22 61 69 62 30 67 17 
51 79 86 41 36 37 26 28 26 60 50 6 54 0 23 64 80 86 22 71 
50 82 9 81 7 62 87 49 60 21 29 43 67 81 0 0 64 19 67 84 
61 56 93 63 48 6 71 58 80 13 81 50 36 11 29 0 47 21 80 85 
70 0 45 12 58 98 62 89 82 74 62 57 38 85 65 3 0 57 20 20 
52 39 37 1 9 82 89 70 8 37 80 22 58 40 71 67 22 0 49 2 
36 73 90 33 49 10 89 52 76 64 24 59 43 5 45 31 99 91 0 22 
74 93 47 95 5 89 86 20 16 94 54 67 69 13 5 20 61 34 81 0 
