20
0 59 96 5 81 8 3 74 48 94 84 2 63 24 13 12 30 50 34 11 
6 0 50 22 62 45 3 36 56 53 71 38 89 69 10 15 32 25 93 37 
85 69 0 54 20 89 41 70 56 2 98 1 30 69 76 73 30 8 2 74 
75 50 49 0 48 37 2 7 30 93 95 97 97 65 77 95 45 15 28 44 
95 93 73 40 0 62 92 90 7 4 21 15 35 95 86 46 31 64 97 93 
32 96 23 35 1 0 74 46 89 77 89 54 54 12 55 51 58 91 56 76 
95 40 59 47 8 86 0 86 21 64 92 77 96 81 46 34 4 94 45 76 
16 30 0 25 68 41 67 0 31 5 92 91 55 33 50 75 37 41 85 73 
89 50 37 93 40 75 89 57 0 85 55 90 33 86 79 16 62 100 79 48 
47 16 43 42 88 87 56 22 77 0 96 72 54 100 6 81 64 16 81 61 
55 63 5 60 15 29 20 51 23 70 0 57 79 40 48 7 4 69 27 17 
25 79 63 65 68 91 51 41 99 90 11 0 83 31 44 18 97 5 41 85 
40 74 37 54 64 31 73 78 32 77 24 21 0 93 58 20 39 8 96 91 
97 1 37 33 13 79 70 77 83 100 24 31 17 0 64 0 40 72 30 31 
10 83 48 51 81 83 79 10 43 63 32 40 53 85 0 37 79 11 51 4 
0 93 32 44 48 70 87 38 22 77 11 37 57 2 60 0 23 91 76 21 
42 54 54 12 60 58 60 66 39 79 59 52 41 62 72 68 0 47 18 58 
44 61 39 59 31 28 22 51 67 23 70 37 15 19 38 94 98 0 21 79 
94 58 69 71 29 83 66 54 35 77 99 63 15 63 54 89 18 47 0 10 
60 85 44 99 72 80 62 87 63 49 84 42 37 99 88 45 63 44 99 0 
